version 3
run General-0-20260125-19:24:09-69225
attr configname General
attr datetime 20260125-19:24:09
attr datetimef 20260125-192409
attr experiment General
attr inifile omnetpp.ini
attr iterationvars ""
attr iterationvarsd ""
attr iterationvarsf ""
attr measurement ""
attr network WirelessNetwork
attr processid 69225
attr repetition 0
attr replication #0
attr resultdir results
attr runnumber 0
attr seedset 0
config image-path ../../../../packages/inet/images
config description "Simple sim where two host communicate wirelessly"
config network WirelessNetwork
config sim-time-limit 60s
config *.host*.ipv4.arp.typename GlobalArp
config *.hostA.numApps 1
config *.hostA.app[0].typename UdpBasicApp
config *.hostA.app[0].destAddresses "\"hostB\""
config *.hostA.app[0].destPort 5000
config *.hostA.app[0].messageLength 1000B
config *.hostA.app[0].sendInterval exponential(12ms)
config *.hostA.app[0].packetName "\"UDPData\""
config *.hostB.numApps 1
config *.hostB.app[0].typename UdpSink
config *.hostB.app[0].localPort 5000
config *.host*.wlan[0].typename AckingWirelessInterface
config *.host*.wlan[0].mac.useAck false
config *.host*.wlan[0].mac.fullDuplex false
config *.host*.wlan[0].radio.transmitter.communicationRange 500m
config *.host*.wlan[0].radio.receiver.ignoreInterference true
config *.host*.wlan[0].mac.headerLength 23B
config *.host*.**.bitrate 1Mbps
config **.radio.displayCommunicationRange true
config *.visualizer.mediumVisualizer.displaySignals true
config *.visualizer.physicalLinkVisualizer.displayLinks true
config *.visualizer.physicalLinkVisualizer.packetFilter "\"UDPData*\""
config *.visualizer.mobilityVisualizer.displayVelocities true
config *.visualizer.mobilityVisualizer.displayMovementTrails true
config *.hostA.mobility.typename LinearMobility
config *.hostA.mobility.speed 12mps
config *.hostA.mobility.initialMovementHeading 200deg

vector 0 WirelessNetwork.hostA.udp passedUpPk:vector(count) ETV
attr interpolationmode none
attr recordingmode vector(count)
attr source packetSentToUpper
attr title "packets passed up, count"
vector 1 WirelessNetwork.hostA.udp droppedPkWrongPort:vector(count) ETV
attr interpolationmode none
attr recordingmode vector(count)
attr source packetDropReasonIsNoPortFound(packetDropped)
attr title "packets dropped (wrong port), count"
vector 2 WirelessNetwork.hostA.udp droppedPkBadChecksum:vector(count) ETV
attr interpolationmode none
attr recordingmode vector(count)
attr source packetDropReasonIsIncorrectlyReceived(packetDropped)
attr title "packets dropped (checksum error), count"
vector 3 WirelessNetwork.hostB.udp passedUpPk:vector(count) ETV
attr interpolationmode none
attr recordingmode vector(count)
attr source packetSentToUpper
attr title "packets passed up, count"
vector 4 WirelessNetwork.hostB.udp droppedPkWrongPort:vector(count) ETV
attr interpolationmode none
attr recordingmode vector(count)
attr source packetDropReasonIsNoPortFound(packetDropped)
attr title "packets dropped (wrong port), count"
vector 5 WirelessNetwork.hostB.udp droppedPkBadChecksum:vector(count) ETV
attr interpolationmode none
attr recordingmode vector(count)
attr source packetDropReasonIsIncorrectlyReceived(packetDropped)
attr title "packets dropped (checksum error), count"
vector 6 WirelessNetwork.hostA.wlan[0].radio radioMode:vector ETV
attr interpolationmode sample-hold
attr recordingmode vector
attr source radioModeChanged
attr title "Radio mode"
vector 7 WirelessNetwork.hostB.wlan[0].radio radioMode:vector ETV
attr interpolationmode sample-hold
attr recordingmode vector
attr source radioModeChanged
attr title "Radio mode"
vector 8 WirelessNetwork.hostA.wlan[0].radio receptionState:vector ETV
attr interpolationmode sample-hold
attr recordingmode vector
attr source receptionStateChanged
attr title "Radio reception state"
vector 9 WirelessNetwork.hostB.wlan[0].radio receptionState:vector ETV
attr interpolationmode sample-hold
attr recordingmode vector
attr source receptionStateChanged
attr title "Radio reception state"
vector 10 WirelessNetwork.hostA.app[0] packetSent:vector(packetBytes) ETV
attr interpolationmode none
attr recordingmode vector(packetBytes)
attr source packetSent
attr title "packets sent, packetBytes"
vector 11 WirelessNetwork.hostA.udp packetSent:vector(packetBytes) ETV
attr interpolationmode none
attr recordingmode vector(packetBytes)
attr source packetSent
attr title "packets sent, packetBytes"
vector 12 WirelessNetwork.hostA.wlan[0].queue incomingPacketLengths:vector ETV
attr interpolationmode none
attr recordingmode vector
attr source packetLength(packetPushStarted)
attr title "incoming packet lengths"
attr unit b
vector 13 WirelessNetwork.hostA.wlan[0].queue queueingTime:vector ETV
attr interpolationmode none
attr recordingmode vector
attr source queueingTime(packetPulled)
attr title "queueing times"
attr unit s
vector 14 WirelessNetwork.hostA.wlan[0].queue outgoingPacketLengths:vector ETV
attr interpolationmode none
attr recordingmode vector
attr source packetLength(packetPulled)
attr title "outgoing packet lengths"
attr unit b
vector 15 WirelessNetwork.hostA.wlan[0].mac rcvdPkFromHl:vector(packetBytes) ETV
attr interpolationmode none
attr recordingmode vector(packetBytes)
attr source packetReceivedFromUpper
attr title "packets received from higher layer, packetBytes"
vector 16 WirelessNetwork.hostA.wlan[0].radio transmissionState:vector ETV
attr interpolationmode sample-hold
attr recordingmode vector
attr source transmissionStateChanged
attr title "Radio transmission state"
vector 17 WirelessNetwork.hostA.wlan[0].mac sentDownPk:vector(packetBytes) ETV
attr interpolationmode none
attr recordingmode vector(packetBytes)
attr source packetSentToLower
attr title "packets sent to lower layer, packetBytes"
vector 18 WirelessNetwork.hostA.wlan[0].queue queueLength:vector ETV
attr autoWarmupFilter false
attr interpolationmode sample-hold
attr recordingmode vector
attr source "warmup(atomic(constant0(packetPushEnded) + count(packetPushStarted) - count(packetPulled) - count(packetRemoved) - count(packetDropped)))"
attr title "queue length"
attr unit pk
vector 19 WirelessNetwork.hostA.wlan[0].queue queueBitLength:vector ETV
attr autoWarmupFilter false
attr interpolationmode sample-hold
attr recordingmode vector
attr source "warmup(atomic(constant0(packetPushEnded) + sum(packetLength(packetPushStarted)) - sum(packetLength(packetPulled)) - sum(packetLength(packetRemoved)) - sum(packetLength(packetDropped))))"
attr title "queue bit length"
attr unit b
vector 20 WirelessNetwork.hostB.wlan[0].mac rcvdPkFromLl:vector(packetBytes) ETV
attr interpolationmode none
attr recordingmode vector(packetBytes)
attr source packetReceivedFromLower
attr title "packets received from lower layer, packetBytes"
vector 21 WirelessNetwork.hostB.wlan[0].mac passedUpPk:vector(packetBytes) ETV
attr interpolationmode none
attr recordingmode vector(packetBytes)
attr source packetSentToUpper
attr title "packets passed to higher layer, packetBytes"
vector 22 WirelessNetwork.hostB.udp packetReceived:vector(packetBytes) ETV
attr interpolationmode none
attr recordingmode vector(packetBytes)
attr source packetReceived
attr title "packets received, packetBytes"
vector 23 WirelessNetwork.hostB.app[0] packetReceived:vector(packetBytes) ETV
attr interpolationmode none
attr recordingmode vector(packetBytes)
attr source packetReceived
attr title "packets received, packetBytes"
vector 24 WirelessNetwork.hostB.app[0] endToEndDelay:vector ETV
attr interpolationmode none
attr recordingmode vector
attr source dataAge(packetReceived)
attr title "end-to-end delay"
attr unit s
vector 25 WirelessNetwork.hostB.app[0] rcvdPkSeqNo:vector ETV
attr interpolationmode none
attr recordingmode vector
attr source appPkSeqNo(packetReceived)
attr title "received packet sequence number"
vector 26 WirelessNetwork.hostA.wlan[0].queue incomingDataRate:vector ETV
attr interpolationmode linear
attr recordingmode vector
attr source throughput(packetPushStarted)
attr title "incoming datarate"
attr unit bps
vector 27 WirelessNetwork.hostA.wlan[0].queue outgoingDataRate:vector ETV
attr interpolationmode linear
attr recordingmode vector
attr source throughput(packetPulled)
attr title "outgoing datarate"
attr unit bps
vector 28 WirelessNetwork.hostB.app[0] throughput:vector ETV
attr recordingmode vector
attr source throughput(packetReceived)
attr title throughput
attr unit bps
0	0	0	0
1	0	0	0
2	0	0	0
3	0	0	0
3	20	0.030820585641	1
3	27	0.039324585961	2
3	46	0.049891079806	3
3	53	0.058395080126	4
3	67	0.083479604497	5
3	86	0.123258553353	6
3	93	0.131762553673	7
3	107	0.147888532949	8
3	119	0.156920622649	9
3	133	0.166993817263	10
3	159	0.198172867467	11
3	168	0.206676867787	12
3	181	0.215180868107	13
3	190	0.223684868427	14
3	203	0.232188868747	15
3	211	0.240692869068	16
3	225	0.26439916776	17
3	239	0.310541831927	18
3	257	0.329804707338	19
3	264	0.338308707658	20
3	283	0.355430293507	21
3	299	0.363934293827	22
3	308	0.372438294147	23
3	316	0.380942294468	24
3	331	0.405787772711	25
3	348	0.414641700545	26
3	361	0.423145700865	27
3	369	0.431649701186	28
3	388	0.442614912377	29
3	395	0.451118912697	30
4	0	0	0
5	0	0	0
6	0	0	0
6	0	0	0
6	0	0	2
6	8	0.022315250545	3
6	15	0.030819250545	2
6	15	0.030819250545	3
6	23	0.039323250545	2
6	33	0.041385743993	3
6	41	0.049889743993	2
6	41	0.049889743993	3
6	49	0.058393743993	2
6	60	0.07497426742	3
6	63	0.08347826742	2
6	74	0.114753214779	3
6	81	0.123257214779	2
6	81	0.123257214779	3
6	89	0.131761214779	2
6	99	0.139383193449	3
6	103	0.147887193449	2
6	112	0.148415282809	3
6	115	0.156919282809	2
6	125	0.158488477044	3
6	129	0.166992477044	2
6	139	0.189667526074	3
6	154	0.198171526074	2
6	154	0.198171526074	3
6	163	0.206675526074	2
6	163	0.206675526074	3
6	176	0.215179526074	2
6	176	0.215179526074	3
6	185	0.223683526074	2
6	185	0.223683526074	3
6	198	0.232187526074	2
6	198	0.232187526074	3
6	207	0.240691526074	2
6	218	0.255893823874	3
6	221	0.264397823874	2
6	232	0.302036486304	3
6	235	0.310540486304	2
6	245	0.321299360989	3
6	252	0.329803360989	2
6	252	0.329803360989	3
6	260	0.338307360989	2
6	270	0.346924946193	3
6	278	0.355428946193	2
6	278	0.355428946193	3
6	294	0.363932946193	2
6	294	0.363932946193	3
6	303	0.372436946193	2
6	303	0.372436946193	3
6	312	0.380940946193	2
6	323	0.3972824235	3
6	327	0.4057864235	2
6	336	0.406136351001	3
6	343	0.414640351001	2
6	343	0.414640351001	3
6	356	0.423144351001	2
6	356	0.423144351001	3
6	365	0.431648351001	2
6	375	0.434109561779	3
6	383	0.442613561779	2
6	383	0.442613561779	3
6	391	0.451117561779	2
6	400	0.451502567324	3
6	408	0.460006567324	2
6	408	0.460006567324	3
7	0	0	0
7	0	0	0
7	0	0	2
8	0	0	1
8	8	0.022315250545	0
8	15	0.030819250545	1
8	15	0.030819250545	0
8	23	0.039323250545	1
8	33	0.041385743993	0
8	41	0.049889743993	1
8	41	0.049889743993	0
8	49	0.058393743993	1
8	60	0.07497426742	0
8	63	0.08347826742	1
8	74	0.114753214779	0
8	81	0.123257214779	1
8	81	0.123257214779	0
8	89	0.131761214779	1
8	99	0.139383193449	0
8	103	0.147887193449	1
8	112	0.148415282809	0
8	115	0.156919282809	1
8	125	0.158488477044	0
8	129	0.166992477044	1
8	139	0.189667526074	0
8	154	0.198171526074	1
8	154	0.198171526074	0
8	163	0.206675526074	1
8	163	0.206675526074	0
8	176	0.215179526074	1
8	176	0.215179526074	0
8	185	0.223683526074	1
8	185	0.223683526074	0
8	198	0.232187526074	1
8	198	0.232187526074	0
8	207	0.240691526074	1
8	218	0.255893823874	0
8	221	0.264397823874	1
8	232	0.302036486304	0
8	235	0.310540486304	1
8	245	0.321299360989	0
8	252	0.329803360989	1
8	252	0.329803360989	0
8	260	0.338307360989	1
8	270	0.346924946193	0
8	278	0.355428946193	1
8	278	0.355428946193	0
8	294	0.363932946193	1
8	294	0.363932946193	0
8	303	0.372436946193	1
8	303	0.372436946193	0
8	312	0.380940946193	1
8	323	0.3972824235	0
8	327	0.4057864235	1
8	336	0.406136351001	0
8	343	0.414640351001	1
8	343	0.414640351001	0
8	356	0.423144351001	1
8	356	0.423144351001	0
8	365	0.431648351001	1
8	375	0.434109561779	0
8	383	0.442613561779	1
8	383	0.442613561779	0
8	391	0.451117561779	1
8	400	0.451502567324	0
8	408	0.460006567324	1
8	408	0.460006567324	0
9	0	0	1
9	10	0.022316585641	3
9	17	0.030820585641	1
9	22	0.030820585961	3
9	24	0.039324585961	1
9	35	0.041387079806	3
9	43	0.049891079806	1
9	48	0.049891080126	3
9	50	0.058395080126	1
9	62	0.074975604497	3
9	64	0.083479604497	1
9	76	0.114754553353	3
9	83	0.123258553353	1
9	88	0.123258553673	3
9	90	0.131762553673	1
9	101	0.139384532949	3
9	104	0.147888532949	1
9	114	0.148416622649	3
9	116	0.156920622649	1
9	127	0.158489817263	3
9	130	0.166993817263	1
9	141	0.189668867467	3
9	156	0.198172867467	1
9	161	0.198172867787	3
9	165	0.206676867787	1
9	170	0.206676868107	3
9	178	0.215180868107	1
9	183	0.215180868427	3
9	187	0.223684868427	1
9	192	0.223684868747	3
9	200	0.232188868747	1
9	205	0.232188869068	3
9	208	0.240692869068	1
9	220	0.25589516776	3
9	222	0.26439916776	1
9	234	0.302037831927	3
9	236	0.310541831927	1
9	247	0.321300707338	3
9	254	0.329804707338	1
9	259	0.329804707658	3
9	261	0.338308707658	1
9	272	0.346926293507	3
9	280	0.355430293507	1
9	285	0.355430293827	3
9	296	0.363934293827	1
9	301	0.363934294147	3
9	305	0.372438294147	1
9	310	0.372438294468	3
9	313	0.380942294468	1
9	325	0.397283772711	3
9	328	0.405787772711	1
9	338	0.406137700545	3
9	345	0.414641700545	1
9	350	0.414641700865	3
9	358	0.423145700865	1
9	363	0.423145701186	3
9	366	0.431649701186	1
9	377	0.434110912377	3
9	385	0.442614912377	1
9	390	0.442614912697	3
9	392	0.451118912697	1
9	402	0.451503918577	3
10	4	0.022315250545	1000
10	11	0.028927832385	1000
10	30	0.041385743993	1000
10	36	0.048291974356	1000
10	57	0.07497426742	1000
10	71	0.114753214779	1000
10	77	0.120556440038	1000
10	96	0.139383193449	1000
10	109	0.148415282809	1000
10	122	0.158488477044	1000
10	136	0.189667526074	1000
10	142	0.19055175034	1000
10	146	0.191645682653	1000
10	150	0.191890789714	1000
10	172	0.213340641675	1000
10	194	0.231410052779	1000
10	215	0.255893823874	1000
10	229	0.302036486304	1000
10	242	0.321299360989	1000
10	248	0.328726514505	1000
10	267	0.346924946193	1000
10	274	0.348435439106	1000
10	286	0.360692621598	1000
10	290	0.362549377764	1000
10	320	0.3972824235	1000
10	333	0.406136351001	1000
10	339	0.412563139644	1000
10	352	0.41625050387	1000
10	372	0.434109561779	1000
10	378	0.441418550857	1000
10	397	0.451502567324	1000
10	403	0.451730190154	1000
11	6	0.022315250545	1008
11	12	0.028927832385	1008
11	31	0.041385743993	1008
11	37	0.048291974356	1008
11	58	0.07497426742	1008
11	72	0.114753214779	1008
11	78	0.120556440038	1008
11	97	0.139383193449	1008
11	110	0.148415282809	1008
11	123	0.158488477044	1008
11	137	0.189667526074	1008
11	143	0.19055175034	1008
11	147	0.191645682653	1008
11	151	0.191890789714	1008
11	173	0.213340641675	1008
11	195	0.231410052779	1008
11	216	0.255893823874	1008
11	230	0.302036486304	1008
11	243	0.321299360989	1008
11	249	0.328726514505	1008
11	268	0.346924946193	1008
11	275	0.348435439106	1008
11	287	0.360692621598	1008
11	291	0.362549377764	1008
11	321	0.3972824235	1008
11	334	0.406136351001	1008
11	340	0.412563139644	1008
11	353	0.41625050387	1008
11	373	0.434109561779	1008
11	379	0.441418550857	1008
11	398	0.451502567324	1008
11	404	0.451730190154	1008
12	8	0.022315250545	8224
12	14	0.028927832385	8224
12	33	0.041385743993	8224
12	39	0.048291974356	8224
12	60	0.07497426742	8224
12	74	0.114753214779	8224
12	80	0.120556440038	8224
12	99	0.139383193449	8224
12	112	0.148415282809	8224
12	125	0.158488477044	8224
12	139	0.189667526074	8224
12	145	0.19055175034	8224
12	149	0.191645682653	8224
12	153	0.191890789714	8224
12	175	0.213340641675	8224
12	197	0.231410052779	8224
12	218	0.255893823874	8224
12	232	0.302036486304	8224
12	245	0.321299360989	8224
12	251	0.328726514505	8224
12	270	0.346924946193	8224
12	277	0.348435439106	8224
12	289	0.360692621598	8224
12	293	0.362549377764	8224
12	323	0.3972824235	8224
12	336	0.406136351001	8224
12	342	0.412563139644	8224
12	355	0.41625050387	8224
12	375	0.434109561779	8224
12	381	0.441418550857	8224
12	400	0.451502567324	8224
12	406	0.451730190154	8224
13	8	0.022315250545	0
13	15	0.030819250545	0.00189141816
13	33	0.041385743993	0
13	41	0.049889743993	0.001597769637
13	60	0.07497426742	0
13	74	0.114753214779	0
13	81	0.123257214779	0.002700774741
13	99	0.139383193449	0
13	112	0.148415282809	0
13	125	0.158488477044	0
13	139	0.189667526074	0
13	154	0.198171526074	0.007619775734
13	163	0.206675526074	0.015029843421
13	176	0.215179526074	0.02328873636
13	185	0.223683526074	0.010342884399
13	198	0.232187526074	0.000777473295
13	218	0.255893823874	0
13	232	0.302036486304	0
13	245	0.321299360989	0
13	252	0.329803360989	0.001076846484
13	270	0.346924946193	0
13	278	0.355428946193	0.006993507087
13	294	0.363932946193	0.003240324595
13	303	0.372436946193	0.009887568429
13	323	0.3972824235	0
13	336	0.406136351001	0
13	343	0.414640351001	0.002077211357
13	356	0.423144351001	0.006893847131
13	375	0.434109561779	0
13	383	0.442613561779	0.001195010922
13	400	0.451502567324	0
13	408	0.460006567324	0.00827637717
14	8	0.022315250545	8224
14	15	0.030819250545	8224
14	33	0.041385743993	8224
14	41	0.049889743993	8224
14	60	0.07497426742	8224
14	74	0.114753214779	8224
14	81	0.123257214779	8224
14	99	0.139383193449	8224
14	112	0.148415282809	8224
14	125	0.158488477044	8224
14	139	0.189667526074	8224
14	154	0.198171526074	8224
14	163	0.206675526074	8224
14	176	0.215179526074	8224
14	185	0.223683526074	8224
14	198	0.232187526074	8224
14	218	0.255893823874	8224
14	232	0.302036486304	8224
14	245	0.321299360989	8224
14	252	0.329803360989	8224
14	270	0.346924946193	8224
14	278	0.355428946193	8224
14	294	0.363932946193	8224
14	303	0.372436946193	8224
14	323	0.3972824235	8224
14	336	0.406136351001	8224
14	343	0.414640351001	8224
14	356	0.423144351001	8224
14	375	0.434109561779	8224
14	383	0.442613561779	8224
14	400	0.451502567324	8224
14	408	0.460006567324	8224
15	8	0.022315250545	1028
15	15	0.030819250545	1028
15	33	0.041385743993	1028
15	41	0.049889743993	1028
15	60	0.07497426742	1028
15	74	0.114753214779	1028
15	81	0.123257214779	1028
15	99	0.139383193449	1028
15	112	0.148415282809	1028
15	125	0.158488477044	1028
15	139	0.189667526074	1028
15	154	0.198171526074	1028
15	163	0.206675526074	1028
15	176	0.215179526074	1028
15	185	0.223683526074	1028
15	198	0.232187526074	1028
15	218	0.255893823874	1028
15	232	0.302036486304	1028
15	245	0.321299360989	1028
15	252	0.329803360989	1028
15	270	0.346924946193	1028
15	278	0.355428946193	1028
15	294	0.363932946193	1028
15	303	0.372436946193	1028
15	323	0.3972824235	1028
15	336	0.406136351001	1028
15	343	0.414640351001	1028
15	356	0.423144351001	1028
15	375	0.434109561779	1028
15	383	0.442613561779	1028
15	400	0.451502567324	1028
15	408	0.460006567324	1028
16	8	0.022315250545	1
16	9	0.022315250545	2
16	15	0.030819250545	1
16	15	0.030819250545	0
16	15	0.030819250545	1
16	16	0.030819250545	2
16	23	0.039323250545	1
16	23	0.039323250545	0
16	33	0.041385743993	1
16	34	0.041385743993	2
16	41	0.049889743993	1
16	41	0.049889743993	0
16	41	0.049889743993	1
16	42	0.049889743993	2
16	49	0.058393743993	1
16	49	0.058393743993	0
16	60	0.07497426742	1
16	61	0.07497426742	2
16	63	0.08347826742	1
16	63	0.08347826742	0
16	74	0.114753214779	1
16	75	0.114753214779	2
16	81	0.123257214779	1
16	81	0.123257214779	0
16	81	0.123257214779	1
16	82	0.123257214779	2
16	89	0.131761214779	1
16	89	0.131761214779	0
16	99	0.139383193449	1
16	100	0.139383193449	2
16	103	0.147887193449	1
16	103	0.147887193449	0
16	112	0.148415282809	1
16	113	0.148415282809	2
16	115	0.156919282809	1
16	115	0.156919282809	0
16	125	0.158488477044	1
16	126	0.158488477044	2
16	129	0.166992477044	1
16	129	0.166992477044	0
16	139	0.189667526074	1
16	140	0.189667526074	2
16	154	0.198171526074	1
16	154	0.198171526074	0
16	154	0.198171526074	1
16	155	0.198171526074	2
16	163	0.206675526074	1
16	163	0.206675526074	0
16	163	0.206675526074	1
16	164	0.206675526074	2
16	176	0.215179526074	1
16	176	0.215179526074	0
16	176	0.215179526074	1
16	177	0.215179526074	2
16	185	0.223683526074	1
16	185	0.223683526074	0
16	185	0.223683526074	1
16	186	0.223683526074	2
16	198	0.232187526074	1
16	198	0.232187526074	0
16	198	0.232187526074	1
16	199	0.232187526074	2
16	207	0.240691526074	1
16	207	0.240691526074	0
16	218	0.255893823874	1
16	219	0.255893823874	2
16	221	0.264397823874	1
16	221	0.264397823874	0
16	232	0.302036486304	1
16	233	0.302036486304	2
16	235	0.310540486304	1
16	235	0.310540486304	0
16	245	0.321299360989	1
16	246	0.321299360989	2
16	252	0.329803360989	1
16	252	0.329803360989	0
16	252	0.329803360989	1
16	253	0.329803360989	2
16	260	0.338307360989	1
16	260	0.338307360989	0
16	270	0.346924946193	1
16	271	0.346924946193	2
16	278	0.355428946193	1
16	278	0.355428946193	0
16	278	0.355428946193	1
16	279	0.355428946193	2
16	294	0.363932946193	1
16	294	0.363932946193	0
16	294	0.363932946193	1
16	295	0.363932946193	2
16	303	0.372436946193	1
16	303	0.372436946193	0
16	303	0.372436946193	1
16	304	0.372436946193	2
16	312	0.380940946193	1
16	312	0.380940946193	0
16	323	0.3972824235	1
16	324	0.3972824235	2
16	327	0.4057864235	1
16	327	0.4057864235	0
16	336	0.406136351001	1
16	337	0.406136351001	2
16	343	0.414640351001	1
16	343	0.414640351001	0
16	343	0.414640351001	1
16	344	0.414640351001	2
16	356	0.423144351001	1
16	356	0.423144351001	0
16	356	0.423144351001	1
16	357	0.423144351001	2
16	365	0.431648351001	1
16	365	0.431648351001	0
16	375	0.434109561779	1
16	376	0.434109561779	2
16	383	0.442613561779	1
16	383	0.442613561779	0
16	383	0.442613561779	1
16	384	0.442613561779	2
16	391	0.451117561779	1
16	391	0.451117561779	0
16	400	0.451502567324	1
16	401	0.451502567324	2
16	408	0.460006567324	1
16	408	0.460006567324	0
16	408	0.460006567324	1
16	409	0.460006567324	2
17	8	0.022315250545	1051
17	15	0.030819250545	1051
17	33	0.041385743993	1051
17	41	0.049889743993	1051
17	60	0.07497426742	1051
17	74	0.114753214779	1051
17	81	0.123257214779	1051
17	99	0.139383193449	1051
17	112	0.148415282809	1051
17	125	0.158488477044	1051
17	139	0.189667526074	1051
17	154	0.198171526074	1051
17	163	0.206675526074	1051
17	176	0.215179526074	1051
17	185	0.223683526074	1051
17	198	0.232187526074	1051
17	218	0.255893823874	1051
17	232	0.302036486304	1051
17	245	0.321299360989	1051
17	252	0.329803360989	1051
17	270	0.346924946193	1051
17	278	0.355428946193	1051
17	294	0.363932946193	1051
17	303	0.372436946193	1051
17	323	0.3972824235	1051
17	336	0.406136351001	1051
17	343	0.414640351001	1051
17	356	0.423144351001	1051
17	375	0.434109561779	1051
17	383	0.442613561779	1051
17	400	0.451502567324	1051
17	408	0.460006567324	1051
18	8	0.022315250545	0
18	14	0.028927832385	1
18	15	0.030819250545	0
18	33	0.041385743993	0
18	39	0.048291974356	1
18	41	0.049889743993	0
18	60	0.07497426742	0
18	74	0.114753214779	0
18	80	0.120556440038	1
18	81	0.123257214779	0
18	99	0.139383193449	0
18	112	0.148415282809	0
18	125	0.158488477044	0
18	139	0.189667526074	0
18	145	0.19055175034	1
18	149	0.191645682653	2
18	153	0.191890789714	3
18	154	0.198171526074	2
18	163	0.206675526074	1
18	175	0.213340641675	2
18	176	0.215179526074	1
18	185	0.223683526074	0
18	197	0.231410052779	1
18	198	0.232187526074	0
18	218	0.255893823874	0
18	232	0.302036486304	0
18	245	0.321299360989	0
18	251	0.328726514505	1
18	252	0.329803360989	0
18	270	0.346924946193	0
18	277	0.348435439106	1
18	278	0.355428946193	0
18	289	0.360692621598	1
18	293	0.362549377764	2
18	294	0.363932946193	1
18	303	0.372436946193	0
18	323	0.3972824235	0
18	336	0.406136351001	0
18	342	0.412563139644	1
18	343	0.414640351001	0
18	355	0.41625050387	1
18	356	0.423144351001	0
18	375	0.434109561779	0
18	381	0.441418550857	1
18	383	0.442613561779	0
18	400	0.451502567324	0
18	406	0.451730190154	1
18	408	0.460006567324	0
19	8	0.022315250545	0
19	14	0.028927832385	8224
19	15	0.030819250545	0
19	33	0.041385743993	0
19	39	0.048291974356	8224
19	41	0.049889743993	0
19	60	0.07497426742	0
19	74	0.114753214779	0
19	80	0.120556440038	8224
19	81	0.123257214779	0
19	99	0.139383193449	0
19	112	0.148415282809	0
19	125	0.158488477044	0
19	139	0.189667526074	0
19	145	0.19055175034	8224
19	149	0.191645682653	16448
19	153	0.191890789714	24672
19	154	0.198171526074	16448
19	163	0.206675526074	8224
19	175	0.213340641675	16448
19	176	0.215179526074	8224
19	185	0.223683526074	0
19	197	0.231410052779	8224
19	198	0.232187526074	0
19	218	0.255893823874	0
19	232	0.302036486304	0
19	245	0.321299360989	0
19	251	0.328726514505	8224
19	252	0.329803360989	0
19	270	0.346924946193	0
19	277	0.348435439106	8224
19	278	0.355428946193	0
19	289	0.360692621598	8224
19	293	0.362549377764	16448
19	294	0.363932946193	8224
19	303	0.372436946193	0
19	323	0.3972824235	0
19	336	0.406136351001	0
19	342	0.412563139644	8224
19	343	0.414640351001	0
19	355	0.41625050387	8224
19	356	0.423144351001	0
19	375	0.434109561779	0
19	381	0.441418550857	8224
19	383	0.442613561779	0
19	400	0.451502567324	0
19	406	0.451730190154	8224
19	408	0.460006567324	0
20	18	0.030820585641	1051
20	25	0.039324585961	1051
20	44	0.049891079806	1051
20	51	0.058395080126	1051
20	65	0.083479604497	1051
20	84	0.123258553353	1051
20	91	0.131762553673	1051
20	105	0.147888532949	1051
20	117	0.156920622649	1051
20	131	0.166993817263	1051
20	157	0.198172867467	1051
20	166	0.206676867787	1051
20	179	0.215180868107	1051
20	188	0.223684868427	1051
20	201	0.232188868747	1051
20	209	0.240692869068	1051
20	223	0.26439916776	1051
20	237	0.310541831927	1051
20	255	0.329804707338	1051
20	262	0.338308707658	1051
20	281	0.355430293507	1051
20	297	0.363934293827	1051
20	306	0.372438294147	1051
20	314	0.380942294468	1051
20	329	0.405787772711	1051
20	346	0.414641700545	1051
20	359	0.423145700865	1051
20	367	0.431649701186	1051
20	386	0.442614912377	1051
20	393	0.451118912697	1051
21	18	0.030820585641	1028
21	25	0.039324585961	1028
21	44	0.049891079806	1028
21	51	0.058395080126	1028
21	65	0.083479604497	1028
21	84	0.123258553353	1028
21	91	0.131762553673	1028
21	105	0.147888532949	1028
21	117	0.156920622649	1028
21	131	0.166993817263	1028
21	157	0.198172867467	1028
21	166	0.206676867787	1028
21	179	0.215180868107	1028
21	188	0.223684868427	1028
21	201	0.232188868747	1028
21	209	0.240692869068	1028
21	223	0.26439916776	1028
21	237	0.310541831927	1028
21	255	0.329804707338	1028
21	262	0.338308707658	1028
21	281	0.355430293507	1028
21	297	0.363934293827	1028
21	306	0.372438294147	1028
21	314	0.380942294468	1028
21	329	0.405787772711	1028
21	346	0.414641700545	1028
21	359	0.423145700865	1028
21	367	0.431649701186	1028
21	386	0.442614912377	1028
21	393	0.451118912697	1028
22	20	0.030820585641	1008
22	27	0.039324585961	1008
22	46	0.049891079806	1008
22	53	0.058395080126	1008
22	67	0.083479604497	1008
22	86	0.123258553353	1008
22	93	0.131762553673	1008
22	107	0.147888532949	1008
22	119	0.156920622649	1008
22	133	0.166993817263	1008
22	159	0.198172867467	1008
22	168	0.206676867787	1008
22	181	0.215180868107	1008
22	190	0.223684868427	1008
22	203	0.232188868747	1008
22	211	0.240692869068	1008
22	225	0.26439916776	1008
22	239	0.310541831927	1008
22	257	0.329804707338	1008
22	264	0.338308707658	1008
22	283	0.355430293507	1008
22	299	0.363934293827	1008
22	308	0.372438294147	1008
22	316	0.380942294468	1008
22	331	0.405787772711	1008
22	348	0.414641700545	1008
22	361	0.423145700865	1008
22	369	0.431649701186	1008
22	388	0.442614912377	1008
22	395	0.451118912697	1008
23	21	0.030820585641	1000
23	28	0.039324585961	1000
23	47	0.049891079806	1000
23	54	0.058395080126	1000
23	68	0.083479604497	1000
23	87	0.123258553353	1000
23	94	0.131762553673	1000
23	108	0.147888532949	1000
23	120	0.156920622649	1000
23	134	0.166993817263	1000
23	160	0.198172867467	1000
23	169	0.206676867787	1000
23	182	0.215180868107	1000
23	191	0.223684868427	1000
23	204	0.232188868747	1000
23	212	0.240692869068	1000
23	226	0.26439916776	1000
23	240	0.310541831927	1000
23	258	0.329804707338	1000
23	265	0.338308707658	1000
23	284	0.355430293507	1000
23	300	0.363934293827	1000
23	309	0.372438294147	1000
23	317	0.380942294468	1000
23	332	0.405787772711	1000
23	349	0.414641700545	1000
23	362	0.423145700865	1000
23	370	0.431649701186	1000
23	389	0.442614912377	1000
23	396	0.451118912697	1000
24	21	0.030820585641	0.008505335096
24	28	0.039324585961	0.010396753576
24	47	0.049891079806	0.008505335813
24	54	0.058395080126	0.01010310577
24	68	0.083479604497	0.008505337077
24	87	0.123258553353	0.008505338574
24	94	0.131762553673	0.011206113635
24	108	0.147888532949	0.0085053395
24	120	0.156920622649	0.00850533984
24	134	0.166993817263	0.008505340219
24	160	0.198172867467	0.008505341393
24	169	0.206676867787	0.016125117447
24	182	0.215180868107	0.023535185454
24	191	0.223684868427	0.031794078713
24	204	0.232188868747	0.018848227072
24	212	0.240692869068	0.009282816289
24	226	0.26439916776	0.008505343886
24	240	0.310541831927	0.008505345623
24	258	0.329804707338	0.008505346349
24	265	0.338308707658	0.009582193153
24	284	0.355430293507	0.008505347314
24	300	0.363934293827	0.015498854721
24	309	0.372438294147	0.011745672549
24	317	0.380942294468	0.018392916704
24	332	0.405787772711	0.008505349211
24	349	0.414641700545	0.008505349544
24	362	0.423145700865	0.010582561221
24	370	0.431649701186	0.015399197316
24	389	0.442614912377	0.008505350598
24	396	0.451118912697	0.00970036184
25	21	0.030820585641	0
25	28	0.039324585961	1
25	47	0.049891079806	2
25	54	0.058395080126	3
25	68	0.083479604497	4
25	87	0.123258553353	5
25	94	0.131762553673	6
25	108	0.147888532949	7
25	120	0.156920622649	8
25	134	0.166993817263	9
25	160	0.198172867467	10
25	169	0.206676867787	11
25	182	0.215180868107	12
25	191	0.223684868427	13
25	204	0.232188868747	14
25	212	0.240692869068	15
25	226	0.26439916776	16
25	240	0.310541831927	17
25	258	0.329804707338	18
25	265	0.338308707658	19
25	284	0.355430293507	20
25	300	0.363934293827	21
25	309	0.372438294147	22
25	317	0.380942294468	23
25	332	0.405787772711	24
25	349	0.414641700545	25
25	362	0.423145700865	26
25	370	0.431649701186	27
25	389	0.442614912377	28
25	396	0.451118912697	29
26	74	0.1	411200
26	175	0.2	740160
26	232	0.3	246720
26	336	0.4	657920
27	74	0.1	411200
27	163	0.2	575680
27	232	0.3	411200
27	336	0.4	657920
28	87	0.1	400000
28	169	0.2	480000
28	240	0.3	480000
28	332	0.4	560000
vector 29 WirelessNetwork.hostA.app[0] throughput:vector ETV
attr recordingmode vector
attr source throughput(packetReceived)
attr title throughput
attr unit bps
vector 30 WirelessNetwork.hostB.wlan[0].queue outgoingDataRate:vector ETV
attr interpolationmode linear
attr recordingmode vector
attr source throughput(packetPulled)
attr title "outgoing datarate"
attr unit bps
vector 31 WirelessNetwork.hostB.wlan[0].queue incomingDataRate:vector ETV
attr interpolationmode linear
attr recordingmode vector
attr source throughput(packetPushStarted)
attr title "incoming datarate"
attr unit bps
26	409	0.460007017798	959354.45740346
27	409	0.460007017798	959354.45740346
28	409	0.460007017798	799906.44030305
29	409	0.1	0
29	409	0.2	0
29	409	0.3	0
29	409	0.4	0
29	409	0.460007017798	0
30	409	0.1	0
30	409	0.2	0
30	409	0.3	0
30	409	0.4	0
30	409	0.460007017798	0
31	409	0.1	0
31	409	0.2	0
31	409	0.3	0
31	409	0.4	0
31	409	0.460007017798	0

